as <- 12
as